2000 1 16.8
2000 2 18.1
2000 3 26.4
2000 4 28.6
2000 5 35.6
2000 6 35.4
2000 7 30.1
2000 8 32.8
2000 9 25.2
2000 10 31.9
2000 11 28.6
2000 12 21
2001 1 18.1
2001 2 20.6
2001 3 25.6
2001 4 27.4
2001 5 36
2001 6 35.4
2001 7 35.5
2001 8 31
2001 9 34.5
2001 10 30.7
2001 11 30.5
2001 12 24.4
2002 1 17.7
2002 2 15
2002 3 26.8
2002 4 30.7
2002 5 36
2002 6 36.1
2002 7 37.8
2002 8 36.8
2002 9 40.7
2002 10 36.3
2002 11 33.8
2002 12 26.4
2003 1 16
2003 2 18.1
2003 3 30.1
2003 4 35.6
2003 5 35.7
2003 6 32.9
2003 7 33.1
2003 8 35.6
2003 9 32.6
2003 10 35.7
2003 11 25.8
2003 12 24.4
2004 1 15.9
2004 2 23.8
2004 3 24.8
2004 4 29.6
2004 5 40.2
2004 6 35
2004 7 34.5
2004 8 36.7
2004 9 35.8
2004 10 30.3
2004 11 32.2
2004 12 18.5
2005 1 18
2005 2 17.1
2005 3 22.4
2005 4 30
2005 5 30.9
2005 6 30.1
2005 7 27.4
2005 8 24.2
2005 9 25.1
2005 10 22
2005 11 18.1
2005 12 14.3
2006 1 9.2
2006 2 8.5
2006 3 17.1
2006 4 18.5
2006 5 26.2
2006 6 23.9
2006 7 23.5
2006 8 22.9
2006 9 15.6
2006 10 20
2006 11 16.7
2006 12 8
2007 1 8.2
2007 2 8.7
2007 3 9.7
2007 4 15
2007 5 14.2
2007 6 14.1
2007 7 15.4
2007 8 11.9
2007 9 13.1
2007 10 11.7
2007 11 8
2007 12 4.8
2008 1 2.8
2008 2 5.4
2008 3 7.3
2008 4 7.5
2008 5 8.2
2008 6 11.7
2008 7 11.2
2008 8 9.9
2008 9 9.9
2008 10 9.4
2008 11 8.1
2008 12 5.6
2009 1 4.3
2009 2 5.4
2009 3 7
2009 4 10.8
2009 5 11
2009 6 9.1
2009 7 9.3
2009 8 11
2009 9 8.8
2009 10 8.7
2009 11 8.7
2009 12 3.7
2010 1 5.6
2010 2 3.1
2010 3 5.9
2010 4 8.3
2010 5 10.8
2010 6 13.2
2010 7 9.1
2010 8 8.6
2010 9 9.5
2010 10 10
2010 11 7.2
2010 12 9.7
2011 1 5.3
2011 2 5
2011 3 8.4
2011 4 11.3
2011 5 11.4
2011 6 10.5
2011 7 11.3
2011 8 12.9
2011 9 13.6
2011 10 15
2011 11 12.1
2011 12 11
2012 1 4.2
2012 2 7.2
2012 3 10.2
2012 4 14
2012 5 14
2012 6 12.7
2012 7 15.8
2012 8 14.8
2012 9 15.4
2012 10 15.8
2012 11 17
2012 12 8.6
2013 1 2.9
2013 2 6.9
2013 3 10.8
2013 4 17.6
2013 5 16.6
2013 6 19.5
2013 7 15.9
2013 8 16.6
2013 9 16.7
2013 10 15.1
2013 11 13.8
2013 12 10.1
2014 1 7.5
2014 2 5
2014 3 10.5
2014 4 16
2014 5 14.6
2014 6 14.5
2014 7 17.1
2014 8 13.7
2014 9 13.6
2014 10 16.5
2014 11 13.6
2014 12 9.9
2015 1 7.5
2015 2 10.8
2015 3 11.4
2015 4 19.3
2015 5 18.6
2015 6 18.6
2015 7 15.7
2015 8 15.5
2015 9 14.8
2015 10 18.7
2015 11 17.4
2015 12 13.9
2016 1 10.7
2016 2 8.9
2016 3 9.9
2016 4 18.8
2016 5 16.8
2016 6 20.6
2016 7 16.1
2016 8 15.4
2016 9 18.2
2016 10 19.4
2016 11 14.6
2016 12 10.1
2017 1 7.2
2017 2 8.1
2017 3 12.9
2017 4 15.1
2017 5 24
2017 6 16.4
2017 7 17.9
2017 8 16.7
2017 9 16.7
2017 10 17.9
2017 11 11.7
2017 12 7.9
2018 1 7
2018 2 8.5
2018 3 9.2
2018 4 15.3
2018 5 16
2018 6 18.2
2018 7 17.4
2018 8 17.4
2018 9 15.3
2018 10 17.1
2018 11 13.7
2018 12 14.2
2019 1 9
2019 2 10.8
2019 3 11.3
2019 4 12.4
2019 5 14.4
2019 6 20.7
2019 7 20.7
2019 8 22.3
2019 9 19.8
2019 10 20.4
2019 11 15
2019 12 14.7
2020 1 11.3
2020 2 7.1
2020 3 20.4
2020 4 16.1
2020 5 26.6
2020 6 19.6
2020 7 18.5
2020 8 18.1
2020 9 19
2020 10 20.2
2020 11 17
2020 12 21.5
2021 1 11
2021 2 13.2
2021 3 17.5
2021 4 19.7
2021 5 23
2021 6 20.7
2021 7 15.5
2021 8 17.2
2021 9 19.3
2021 10 21.9
2021 11 19
2021 12 7.8
2022 1 7.1
2022 2 11.5
2022 3 9.8
2022 4 15.5
2022 5 26.3
2022 6 16.8
2022 7 17.1
2022 8 14.9
2022 9 17.6
2022 10 19.9
2022 11 15.5
2022 12 12.9
2023 1 7.2
2023 2 14
2023 3 11.4
2023 4 16.6
2023 5 15.3
2023 6 17.3
2023 7 17
2023 8 16.8
2023 9 18.1
2023 10 26.4
2023 11 28.6
2023 12 35.6
2024 1 35.4
2024 2 30.1
2024 3 32.8
2024 4 25.2
2024 5 31.9
2024 6 28.6
2024 7 21
