2000 1 106.4
2000 2 108.2
2000 3 133.2
2000 4 151.3
2000 5 154
2000 6 155.2
2000 7 154.6
2000 8 141.5
2000 9 133.1
2000 10 139.8
2000 11 121
2000 12 104.6
2001 1 110.4
2001 2 120.4
2001 3 138.2
2001 4 148.8
2001 5 165.5
2001 6 160.3
2001 7 155.9
2001 8 147
2001 9 155.6
2001 10 146.8
2001 11 133
2001 12 123.1
2002 1 117.8
2002 2 109.7
2002 3 147.2
2002 4 151.2
2002 5 165
2002 6 174.5
2002 7 175.8
2002 8 163.8
2002 9 171.3
2002 10 173.5
2002 11 153.7
2002 12 144.2
2003 1 124.5
2003 2 126.4
2003 3 173.8
2003 4 179.5
2003 5 187.6
2003 6 172.3
2003 7 182
2003 8 185.9
2003 9 164
2003 10 181.3
2003 11 138.1
2003 12 140.2
2004 1 142.9
2004 2 149.1
2004 3 156.2
2004 4 184.6
2004 5 197.9
2004 6 192.8
2004 7 187.6
2004 8 192
2004 9 187.9
2004 10 180.4
2004 11 160.7
2004 12 136
2005 1 153
2005 2 145.1
2005 3 165.9
2005 4 160.5
2005 5 190.2
2005 6 170.2
2005 7 160.9
2005 8 146.8
2005 9 150.1
2005 10 130.6
2005 11 115.2
2005 12 112.4
2006 1 95
2006 2 103.1
2006 3 123.8
2006 4 135.6
2006 5 136.5
2006 6 137.8
2006 7 127.9
2006 8 121.2
2006 9 101.5
2006 10 115
2006 11 88.8
2006 12 68.9
2007 1 70.8
2007 2 78.4
2007 3 82.2
2007 4 89.5
2007 5 91.7
2007 6 102.5
2007 7 86.7
2007 8 76.4
2007 9 73.9
2007 10 68.2
2007 11 47.5
2007 12 37.7
2008 1 31.9
2008 2 39.8
2008 3 42.7
2008 4 42.5
2008 5 52.2
2008 6 59.1
2008 7 56.8
2008 8 52.9
2008 9 52.6
2008 10 44.5
2008 11 42.3
2008 12 36.6
2009 1 38.9
2009 2 40.7
2009 3 54.7
2009 4 62
2009 5 56.2
2009 6 53.8
2009 7 51.5
2009 8 56.3
2009 9 53
2009 10 45.4
2009 11 40.6
2009 12 33.8
2010 1 40.2
2010 2 35.4
2010 3 49.9
2010 4 49
2010 5 54
2010 6 60.5
2010 7 57.6
2010 8 54.5
2010 9 58.8
2010 10 53.2
2010 11 53
2010 12 42.7
2011 1 47.2
2011 2 49.7
2011 3 58
2011 4 66.8
2011 5 67.8
2011 6 74.7
2011 7 69.2
2011 8 69
2011 9 75.8
2011 10 77
2011 11 62.2
2011 12 63.2
2012 1 58.7
2012 2 66.1
2012 3 83.3
2012 4 76.3
2012 5 87.2
2012 6 80.7
2012 7 84
2012 8 80.4
2012 9 78.4
2012 10 78.4
2012 11 83.8
2012 12 67.6
2013 1 60.7
2013 2 65.1
2013 3 80.2
2013 4 94.9
2013 5 92.5
2013 6 87.3
2013 7 101
2013 8 86.2
2013 9 94.2
2013 10 92
2013 11 75.8
2013 12 73.4
2014 1 73
2014 2 61.9
2014 3 79.7
2014 4 108.5
2014 5 99.6
2014 6 112.3
2014 7 107.2
2014 8 99.2
2014 9 111.6
2014 10 90.9
2014 11 89.9
2014 12 78.1
2015 1 74.3
2015 2 84.1
2015 3 90.7
2015 4 106.2
2015 5 105
2015 6 111.6
2015 7 115.2
2015 8 102.8
2015 9 95
2015 10 114.5
2015 11 87.8
2015 12 86.5
2016 1 82.3
2016 2 87.8
2016 3 97.1
2016 4 105.2
2016 5 106
2016 6 116.3
2016 7 112.3
2016 8 102.6
2016 9 104.4
2016 10 109.6
2016 11 97.9
2016 12 81.4
2017 1 91.6
2017 2 89.7
2017 3 107.2
2017 4 117.5
2017 5 123.7
2017 6 112
2017 7 111.9
2017 8 113.8
2017 9 109.7
2017 10 105.7
2017 11 91.2
2017 12 76
2018 1 87
2018 2 80
2018 3 98.2
2018 4 116.6
2018 5 118.1
2018 6 115.1
2018 7 114.2
2018 8 121
2018 9 113.2
2018 10 114.8
2018 11 103.4
2018 12 108.3
2019 1 113.1
2019 2 111.6
2019 3 104.5
2019 4 84.9
2019 5 95.1
2019 6 118.8
2019 7 138.7
2019 8 122.5
2019 9 126.3
2019 10 131.2
2019 11 117.8
2019 12 115.1
2020 1 115.2
2020 2 102.1
2020 3 140.6
2020 4 135.5
2020 5 145.7
2020 6 154.3
2020 7 143.9
2020 8 140
2020 9 135.2
2020 10 133.6
2020 11 130.8
2020 12 124.2
2021 1 121
2021 2 126.1
2021 3 142.6
2021 4 164.3
2021 5 140.6
2021 6 144.9
2021 7 123.7
2021 8 134.5
2021 9 127.5
2021 10 121.6
2021 11 111.1
2021 12 94.7
2022 1 97.7
2022 2 103.2
2022 3 114
2022 4 121.7
2022 5 146
2022 6 132.6
2022 7 131.4
2022 8 115.8
2022 9 117
2022 10 115.1
2022 11 116.5
2022 12 108.9
2023 1 97.9
2023 2 113.7
2023 3 109.8
2023 4 125.7
2023 5 120.9
2023 6 124
2023 7 113
2023 8 106.4
2023 9 108.2
2023 10 133.2
2023 11 151.3
2023 12 154
2024 1 155.2
2024 2 154.6
2024 3 141.5
2024 4 133.1
2024 5 139.8
2024 6 121
2024 7 104.6
