2000 1 6.6
2000 2 8
2000 3 11.9
2000 4 15.7
2000 5 12.2
2000 6 13.4
2000 7 15.9
2000 8 15.3
2000 9 12.5
2000 10 13.5
2000 11 14.1
2000 12 10.1
2001 1 8.9
2001 2 7.8
2001 3 13.1
2001 4 11.3
2001 5 15.5
2001 6 17.5
2001 7 14.9
2001 8 16.5
2001 9 15.9
2001 10 13.4
2001 11 12
2001 12 11.6
2002 1 7.8
2002 2 7.9
2002 3 12
2002 4 13.2
2002 5 14.4
2002 6 15.8
2002 7 17.6
2002 8 15
2002 9 16.9
2002 10 14
2002 11 15.6
2002 12 12.5
2003 1 8.1
2003 2 9.7
2003 3 13.3
2003 4 16
2003 5 17.1
2003 6 16.5
2003 7 17.1
2003 8 19.6
2003 9 14.3
2003 10 16.1
2003 11 13.2
2003 12 14.4
2004 1 8.7
2004 2 11.1
2004 3 16.5
2004 4 16.9
2004 5 17.6
2004 6 19.5
2004 7 18.3
2004 8 19.8
2004 9 17.7
2004 10 15.4
2004 11 15.9
2004 12 12.3
2005 1 13.3
2005 2 10.1
2005 3 12.9
2005 4 16
2005 5 18.8
2005 6 16.1
2005 7 13.7
2005 8 15.6
2005 9 12.3
2005 10 13.3
2005 11 12.2
2005 12 12.9
2006 1 10.5
2006 2 7.6
2006 3 10
2006 4 14.4
2006 5 16.1
2006 6 15.5
2006 7 13.8
2006 8 9.5
2006 9 12.7
2006 10 15
2006 11 10.4
2006 12 7.4
2007 1 8.2
2007 2 7.6
2007 3 8.6
2007 4 8.2
2007 5 11.7
2007 6 23
2007 7 15.1
2007 8 12.7
2007 9 9.8
2007 10 7.2
2007 11 4.3
2007 12 4.5
2008 1 2.2
2008 2 3.6
2008 3 5.3
2008 4 4.5
2008 5 5.7
2008 6 8.1
2008 7 6.1
2008 8 6.5
2008 9 5.8
2008 10 4.9
2008 11 4.8
2008 12 4.4
2009 1 4.1
2009 2 3.9
2009 3 5.3
2009 4 7.3
2009 5 7.1
2009 6 6.4
2009 7 7.2
2009 8 6.9
2009 9 6.1
2009 10 7.5
2009 11 5.5
2009 12 4
2010 1 5.8
2010 2 3.1
2010 3 5
2010 4 5.2
2010 5 5.6
2010 6 6.9
2010 7 8
2010 8 5.2
2010 9 5.2
2010 10 5.8
2010 11 7.6
2010 12 4.2
2011 1 4.6
2011 2 3.8
2011 3 7
2011 4 7.1
2011 5 7.4
2011 6 7.7
2011 7 8.1
2011 8 6.9
2011 9 6.9
2011 10 7.1
2011 11 5.1
2011 12 7.9
2012 1 5.4
2012 2 6.3
2012 3 7.5
2012 4 7.4
2012 5 9.5
2012 6 8.1
2012 7 10.5
2012 8 8.7
2012 9 8.9
2012 10 11.4
2012 11 7.4
2012 12 5.7
2013 1 7.5
2013 2 5.6
2013 3 10.1
2013 4 11
2013 5 8.3
2013 6 8.9
2013 7 12.8
2013 8 9.7
2013 9 10.1
2013 10 9
2013 11 8.6
2013 12 8
2014 1 6.9
2014 2 2.8
2014 3 8
2014 4 17.3
2014 5 13.2
2014 6 19.1
2014 7 14.8
2014 8 9.9
2014 9 12.4
2014 10 12.3
2014 11 10.4
2014 12 11
2015 1 9.5
2015 2 4.6
2015 3 11.9
2015 4 10.8
2015 5 7.5
2015 6 10.8
2015 7 12.7
2015 8 11.6
2015 9 8.7
2015 10 14.9
2015 11 6.8
2015 12 6.4
2016 1 8
2016 2 6.6
2016 3 8.8
2016 4 7.7
2016 5 7.9
2016 6 14.8
2016 7 11.5
2016 8 9.6
2016 9 9.3
2016 10 13.5
2016 11 7.5
2016 12 6.2
2017 1 7.5
2017 2 8.1
2017 3 9.2
2017 4 8.7
2017 5 9.9
2017 6 10.2
2017 7 10.1
2017 8 8.9
2017 9 13.2
2017 10 8.7
2017 11 8.8
2017 12 7.7
2018 1 9.3
2018 2 5.4
2018 3 6.3
2018 4 11.6
2018 5 7.9
2018 6 10.2
2018 7 9.5
2018 8 14.8
2018 9 10.7
2018 10 10.6
2018 11 8.5
2018 12 9.9
2019 1 15.1
2019 2 7.5
2019 3 6.3
2019 4 4.4
2019 5 6.2
2019 6 11.2
2019 7 12.8
2019 8 7.7
2019 9 11.5
2019 10 7.8
2019 11 11.5
2019 12 9.5
2020 1 14.7
2020 2 6.3
2020 3 12.8
2020 4 13.8
2020 5 12.5
2020 6 14.4
2020 7 6.7
2020 8 14.6
2020 9 11.6
2020 10 10
2020 11 9.1
2020 12 10
2021 1 7.4
2021 2 8.2
2021 3 16.8
2021 4 11.8
2021 5 11.7
2021 6 11.6
2021 7 15.6
2021 8 15.9
2021 9 13.5
2021 10 8.1
2021 11 7.2
2021 12 14.2
2022 1 8.8
2022 2 6.2
2022 3 14.7
2022 4 10.9
2022 5 8.8
2022 6 9.2
2022 7 10.3
2022 8 11.3
2022 9 7.6
2022 10 6.7
2022 11 11.1
2022 12 9.1
2023 1 9.4
2023 2 7.5
2023 3 7.6
2023 4 9.2
2023 5 9.1
2023 6 10.4
2023 7 15
2023 8 6.6
2023 9 8
2023 10 11.9
2023 11 15.7
2023 12 12.2
2024 1 13.4
2024 2 15.9
2024 3 15.3
2024 4 12.5
2024 5 13.5
2024 6 14.1
2024 7 10.1
