2000 1 54.1
2000 2 56
2000 3 61.1
2000 4 68.3
2000 5 66.4
2000 6 70.6
2000 7 71
2000 8 59.3
2000 9 61
2000 10 65.5
2000 11 50.8
2000 12 47.6
2001 1 57
2001 2 61.7
2001 3 65
2001 4 74.4
2001 5 74.8
2001 6 70.3
2001 7 68.2
2001 8 67.3
2001 9 67.5
2001 10 60.7
2001 11 59.5
2001 12 54.9
2002 1 57.6
2002 2 55.4
2002 3 71.8
2002 4 66.9
2002 5 72.6
2002 6 75.2
2002 7 77.6
2002 8 75
2002 9 74
2002 10 78.7
2002 11 65.1
2002 12 68.9
2003 1 65.4
2003 2 65.2
2003 3 83.9
2003 4 86.8
2003 5 80
2003 6 80.2
2003 7 79.4
2003 8 81.2
2003 9 74.8
2003 10 82.8
2003 11 63.2
2003 12 65.6
2004 1 80.2
2004 2 74.7
2004 3 72.7
2004 4 95.5
2004 5 85.6
2004 6 93.1
2004 7 88.3
2004 8 83.7
2004 9 84.7
2004 10 89.8
2004 11 72.1
2004 12 75.7
2005 1 84.7
2005 2 77.7
2005 3 89.7
2005 4 77.8
2005 5 89.6
2005 6 81.9
2005 7 80.2
2005 8 71.4
2005 9 80.9
2005 10 61.7
2005 11 58.8
2005 12 55.9
2006 1 52.8
2006 2 59.8
2006 3 65.6
2006 4 68
2006 5 61.8
2006 6 66.4
2006 7 58.3
2006 8 61.5
2006 9 50.2
2006 10 55.2
2006 11 42.5
2006 12 38.9
2007 1 38
2007 2 44.2
2007 3 45.2
2007 4 45.3
2007 5 44.9
2007 6 45.8
2007 7 38.7
2007 8 34.7
2007 9 36.5
2007 10 35.3
2007 11 25.3
2007 12 19.5
2008 1 17.7
2008 2 22.8
2008 3 23.4
2008 4 20.5
2008 5 25.2
2008 6 27.1
2008 7 27
2008 8 24.9
2008 9 26.8
2008 10 21.4
2008 11 21.5
2008 12 19.8
2009 1 22.5
2009 2 21.2
2009 3 30.8
2009 4 33.8
2009 5 26.8
2009 6 27.5
2009 7 24.7
2009 8 25.3
2009 9 26.4
2009 10 21.6
2009 11 19.4
2009 12 17.4
2010 1 21.2
2010 2 22.8
2010 3 29.2
2010 4 24.9
2010 5 24.5
2010 6 27.5
2010 7 27.7
2010 8 27.2
2010 9 29.4
2010 10 26.7
2010 11 25.7
2010 12 20.9
2011 1 28.4
2011 2 31.1
2011 3 30.2
2011 4 35
2011 5 33.4
2011 6 35.9
2011 7 32
2011 8 33.3
2011 9 37.5
2011 10 37.3
2011 11 33
2011 12 30.6
2012 1 33.8
2012 2 36.8
2012 3 47.4
2012 4 36.6
2012 5 44.3
2012 6 39.8
2012 7 37.2
2012 8 38.4
2012 9 37.9
2012 10 33.6
2012 11 43.1
2012 12 34.8
2013 1 34.1
2013 2 37.3
2013 3 41.7
2013 4 43.8
2013 5 49.8
2013 6 37
2013 7 47.3
2013 8 41.5
2013 9 45.7
2013 10 50.2
2013 11 32.7
2013 12 35.3
2014 1 37.6
2014 2 37.3
2014 3 44.4
2014 4 46.7
2014 5 46.6
2014 6 51.8
2014 7 50
2014 8 54.2
2014 9 58.3
2014 10 42.2
2014 11 45.8
2014 12 40.7
2015 1 40.4
2015 2 46.8
2015 3 45.7
2015 4 54.1
2015 5 54.1
2015 6 54.1
2015 7 58.3
2015 8 49.6
2015 9 46.9
2015 10 52.1
2015 11 43.4
2015 12 39
2016 1 48
2016 2 48.4
2016 3 53.8
2016 4 50.3
2016 5 52.5
2016 6 49.5
2016 7 56.3
2016 8 50.6
2016 9 47.9
2016 10 51.7
2016 11 49.3
2016 12 40.4
2017 1 50.8
2017 2 45.6
2017 3 52.4
2017 4 61.4
2017 5 59
2017 6 52.8
2017 7 57.2
2017 8 58.4
2017 9 48.3
2017 10 50.6
2017 11 49.3
2017 12 44.6
2018 1 51.4
2018 2 48.3
2018 3 55.6
2018 4 59.6
2018 5 65.3
2018 6 57.4
2018 7 57.2
2018 8 61.8
2018 9 60.2
2018 10 56.8
2018 11 55
2018 12 56.3
2019 1 58.7
2019 2 66.3
2019 3 60.2
2019 4 51.3
2019 5 45.7
2019 6 59.5
2019 7 76.3
2019 8 61.8
2019 9 64.8
2019 10 70.4
2019 11 60
2019 12 60.4
2020 1 60.7
2020 2 57.6
2020 3 75.3
2020 4 70.1
2020 5 71.9
2020 6 79.5
2020 7 81.3
2020 8 78.1
2020 9 68.3
2020 10 67.8
2020 11 71.7
2020 12 66
2021 1 69.5
2021 2 75.1
2021 3 72.7
2021 4 92.7
2021 5 76
2021 6 79.7
2021 7 62.5
2021 8 69.5
2021 9 62.9
2021 10 65.2
2021 11 57.1
2021 12 51.2
2022 1 59.6
2022 2 59.5
2022 3 69.9
2022 4 66.7
2022 5 79.3
2022 6 75.3
2022 7 69.2
2022 8 64.2
2022 9 66.7
2022 10 59.3
2022 11 62
2022 12 60.4
2023 1 57
2023 2 68.2
2023 3 64.1
2023 4 72.7
2023 5 66.6
2023 6 68.5
2023 7 56.7
2023 8 54.1
2023 9 56
2023 10 61.1
2023 11 68.3
2023 12 66.4
2024 1 70.6
2024 2 71
2024 3 59.3
2024 4 61
2024 5 65.5
2024 6 50.8
2024 7 47.6
